id,x,y,z
22,-2.97428,-0.46891,-3.94604
351,-1.86898,-2.57053,-3.33256
430,-2.02529,-2.158,-4.40297
734,-0.93629,-3.84199,-4.52362
964,0.692482,-3.86018,-3.50777
1035,0.592036,-3.85334,-4.59314
1398,0.443586,-4.42201,-4.94137
1426,0.701823,-4.84722,-4.55997
1773,1.2202,-4.84956,-4.4379
1851,-0.522229,-4.82146,-4.54882
2062,-1.20487,-4.09082,-4.6611
2302,-0.702656,-4.45451,-4.45047
2464,0.029719,-4.90421,-4.19361
2628,-0.666645,-4.35077,-4.17876
2851,-0.479171,-4.38958,-4.35939
3028,-0.238354,-4.97902,-4.27769
3399,-0.98786,-4.97024,-4.01416
3491,-0.573265,-4.6957,-4.80979
3658,0.389563,-4.06277,-3.81467
3968,-0.291705,-4.93928,-4.63184
4041,-1.19782,-4.39267,-4.54031
4340,-0.494554,-4.83631,-4.95093
4473,-0.487906,-4.5541,-4.15797
4748,-0.503382,-3.85226,-4.97327
4931,-1.06631,-4.19163,-4.79059
5071,-0.778257,-3.67022,-4.77016
5379,-1.38843,-4.93539,-4.14773
5598,-0.86179,-4.98804,-4.70441
5748,-0.587279,-4.70636,-3.99782
5873,-1.16267,-4.71098,-4.55288
6199,-0.321686,-4.3674,-4.52771
6296,1.34427,-4.32355,-4.90392
6434,-0.423395,-4.56179,-4.30491
6754,-0.258825,-4.44564,-3.94824
6910,-0.329937,-4.28547,-4.21061
7057,-0.15112,-4.34715,-4.32813
7400,-1.1241,-4.11633,-4.77903
7556,-2.12434,-4.79627,-4.32918
7661,-0.969308,-4.11557,-4.86314
7865,-0.767811,-3.81008,-4.9181
8058,-0.675179,-4.07473,-4.83596
8239,0.41344,-4.76584,-4.94214
8583,0.482549,-4.26361,-4.77891
8631,-0.577894,-3.8818,-4.43173
8897,-0.311847,-4.72144,-4.85057
9153,-0.386728,-3.86534,-4.35056
9289,0.266587,-3.96902,-3.89585
9572,-0.280002,-4.2838,-4.51057
9761,-0.342853,-3.85166,-4.78875
9841,-0.323463,-3.53659,-4.63211
10053,-0.85747,-4.14359,-4.13649
10241,-1.1691,-4.81252,-4.48951
10472,-0.384081,-4.62306,-4.6867
10739,-0.530042,-4.22443,-4.64026
10826,-0.888081,-4.95352,-4.99446
11030,-1.09612,-4.70224,-4.89973
11311,0.974246,-4.23454,-4.91558
11424,-0.295824,-4.32889,-4.56846
11765,-0.944789,-4.86322,-4.2731
11924,-0.431311,-4.60339,-4.02088
12075,-0.166943,-4.67647,-4.81074
12328,-0.670672,-4.87451,-4.88583
12413,0.334851,-4.36411,-4.23043
12698,-0.49168,-4.48953,-4.48868
12844,-1.58894,-4.41542,-4.51065
13096,-0.864117,-3.82822,-4.89791
13277,-0.960005,-4.35117,-4.61975
13538,-0.156577,-4.33398,-4.89577
13796,-1.55343,-4.0423,-3.97477
13883,-1.71845,-4.05082,-4.93928
14006,-0.462621,-4.77701,-4.18373
14287,-1.99201,-4.61059,-4.98489
14461,-0.637144,-4.30778,-4.8128
14647,-0.757322,-3.96133,-4.10421
14986,-0.920349,-4.75077,-4.28541
15080,-1.17164,-4.37284,-4.92748
15355,-1.04985,-4.57413,-4.82078
15428,-1.45589,-3.98356,-4.76679
15604,-1.30943,-3.63651,-4.75237
15952,-0.465306,-4.49403,-4.56706
16013,-0.248969,-4.53503,-4.85166
16396,-1.05642,-4.53653,-3.85846
16556,-1.00418,-4.87587,-4.47902
16647,-0.533014,-4.23481,-4.17734
16995,-0.847941,-4.50682,-4.1518
17112,0.889404,-4.64404,-4.91141
17379,0.760225,-4.46492,-4.29078
17512,0.0273398,-4.49871,-3.96022
17781,-0.37856,-4.44043,-3.80456
17982,-0.53784,-4.742,-4.62678
18150,-0.910163,-4.23619,-4.54701
18247,-0.316611,-4.24127,-4.75205
18516,-0.673748,-4.52674,-4.80249
18698,-1.28411,-4.65965,-4.60005
18966,-1.32688,-3.94144,-4.3653
19130,-1.39892,-4.60715,-4.31458
19385,-1.57871,-3.93419,-4.33097
19525,-0.202562,-4.95505,-4.13544
19632,-0.450652,-3.96223,-4.99823
19894,-0.818222,-4.56832,-4.44878
20028,-1.81078,-3.72572,-4.78148
20240,-1.80607,-4.85312,-4.91761
20458,0.409706,-4.15705,-4.92601
20764,-1.15897,-4.43547,-4.26103
20882,-1.10564,-4.07709,-4.84427
21120,-0.694944,-3.74477,-4.88697
21356,-0.558066,-4.83152,-4.70731
21540,-0.534956,-4.72968,-4.92132
21744,-0.345819,-4.64401,-4.55005
21872,0.572074,-4.3506,-4.00853
22196,-0.354985,-4.59417,-4.87735
22319,-1.04736,-3.91436,-4.47057
22597,-0.901031,-3.3962,-4.91046
22651,-0.554136,-4.74106,-4.73386
22887,-1.5286,-4.25629,-3.97334
23053,-1.46817,-3.37759,-4.70332
23287,-0.0881106,-3.56895,-4.70568
23434,-1.08485,-4.19896,-4.35951
23780,0.213172,-3.98255,-4.55654
23910,0.201384,-4.10221,-4.68577
24172,-0.292085,-4.6995,-4.17882
24253,-0.699929,-4.31881,-4.63335
24548,-0.389583,-4.15327,-4.94143
24601,-1.46392,-4.32506,-4.91197
24930,-1.11997,-4.82871,-4.98051
25102,-1.12991,-4.49306,-4.93328
25292,0.246827,-4.55618,-4.4322
25461,-0.535432,-4.2032,-4.44804
25762,-1.31184,-4.55079,-4.50172
25807,-0.932178,-4.09783,-4.57905
26180,-0.996515,-4.71518,-3.53246
26215,-0.923278,-3.96898,-4.67788
26496,-0.84955,-4.51116,-4.16376
26783,0.642191,-4.93372,-4.87624
26998,-0.292732,-4.33252,-4.40078
27048,0.31545,-4.41334,-4.76448
27343,-0.789476,-3.68103,-4.67008
27533,-0.465635,-4.70967,-4.62083
27628,-0.348462,-4.95705,-4.36412
27903,-2.20107,-3.88797,-4.9849
28041,-1.48572,-4.00408,-4.91739
28233,-0.757705,-4.5634,-4.79788
28410,-1.65855,-4.75856,-4.81443
28729,-1.75243,-4.42921,-4.62509
28855,-0.947982,-4.70555,-4.84075
29168,-1.22809,-4.32402,-4.58522
29370,-0.67317,-3.85521,-4.31867
29468,0.00196539,-4.50197,-4.88649
29626,-0.904039,-3.93157,-4.90288
29847,-0.252125,-4.32744,-4.63697
30190,-0.0901377,-4.21234,-4.14531
30383,0.657918,-4.864,-4.4702
30571,0.674867,-4.83891,-4.46362
30697,-0.811426,-4.09462,-4.38635
30845,-0.255425,-4.49796,-4.16788
31058,-0.7488,-4.89732,-4.42632
31341,-0.306657,-4.69406,-4.92931
31406,-0.0407784,-3.39521,-4.90378
31769,0.142174,-4.73237,-4.64416
31940,-0.668762,-4.05336,-4.37774
32119,-0.445002,-4.57904,-4.14048
32342,-0.831616,-4.81358,-4.7204
32546,-0.800638,-3.58477,-4.70863
32649,-0.852232,-4.53819,-4.69607
32855,-0.618212,-4.36564,-4.50764
33018,0.0360771,-4.30895,-4.98931
33334,-0.327001,-4.90286,-4.61575
33449,-1.64833,-4.18198,-4.70329
33644,-1.23931,-4.77179,-4.72649
33979,-0.828183,-4.86093,-4.08093
34015,-1.11583,-4.88425,-4.57638
34377,-0.173897,-4.99229,-4.56037
34526,-0.053867,-4.71031,-4.47472
34634,0.571503,-4.25796,-4.57077
34823,-0.125706,-4.54658,-4.18598
35155,-0.683818,-4.15876,-4.82411
35337,-0.520931,-4.80532,-4.19745
35540,-1.1221,-4.59762,-4.69016
35749,-1.35098,-4.00367,-4.92174
35950,-0.606284,-4.70327,-4.62766
36109,-1.22349,-3.64989,-4.2789
36330,-1.1213,-4.45285,-4.43658
36598,-0.763294,-3.92841,-4.72392
36712,-0.543264,-4.63282,-4.35537
36821,-0.835056,-4.19045,-4.55328
37165,0.563937,-4.99253,-4.88835
37398,-1.08171,-3.84861,-4.98096
37515,0.87378,-4.86542,-4.5556
37657,-0.191112,-4.91054,-4.57351
37825,-0.899654,-4.70679,-4.77559
38137,-1.0221,-4.02608,-4.99318
38359,-0.821283,-4.56436,-4.96133
38583,-0.911314,-3.00988,-4.82255
38761,-0.0089092,-3.29318,-3.85228
38862,0.412118,-4.88457,-3.96298
39170,0.300381,-4.61885,-4.60356
39354,-0.677705,-2.66977,-4.2092
39477,-1.97745,-4.82542,-4.13466
39694,0.232967,-4.38941,-4.81044
39864,-0.530769,-4.5572,-4.38917
40152,-0.935106,-4.28129,-4.16618
40396,-0.93752,-4.17648,-4.7586
40455,-0.765808,-4.76894,-3.39689
40734,-1.14054,-4.10671,-4.65561
40964,-1.56668,-4.58308,-4.65773
41039,-0.442742,-3.93715,-4.2407
41237,-1.01155,-4.77493,-4.73535
41445,-0.616747,-4.55003,-4.7593
41688,0.401028,-4.61695,-3.88103
41993,-1.10912,-4.58396,-4.90659
42046,-0.771241,-4.34285,-4.44544
42211,-0.112755,-4.34163,-4.64775
42430,-0.273479,-4.41805,-4.51057
42626,-0.582431,-4.36532,-4.86531
42883,-0.62163,-4.80911,-4.68592
43109,-0.753306,-4.85237,-4.5138
43386,-1.19803,-3.7917,-4.45533
43431,-0.171159,-4.25357,-4.97307
43798,-1.39478,-4.83811,-4.92292
43857,-0.568328,-4.29434,-4.91893
44149,-0.444925,-4.67663,-4.45015
44376,-0.801347,-4.84372,-4.70948
44404,-1.18083,-4.96677,-4.64932
44713,-0.18071,-4.64941,-4.9265
44911,-0.0583575,-4.24943,-4.2616
45190,-0.143967,-4.95516,-4.47859
45243,-0.139362,-4.96437,-4.55161
45452,-0.992812,-3.90541,-4.6393
45638,-0.769276,-4.76278,-4.94932
45904,-1.02822,-4.21765,-4.08721
46164,-0.0274845,-3.94438,-4.78802
46209,-0.153732,-3.93182,-4.27493
46599,0.12988,-4.3556,-4.47444
46608,-0.0961884,-4.91721,-4.65833
46889,-0.336489,-4.58235,-4.62889
47119,-1.49206,-3.41005,-4.79635
47231,-1.05041,-4.02602,-4.54181
47417,0.00991871,-3.82734,-4.65939
47714,0.88607,-4.51952,-4.10388
47946,0.218178,-4.77464,-4.35632
48102,-0.779482,-4.35235,-4.60177
48306,-0.161504,-4.67003,-4.31678
48424,-0.689702,-4.8442,-4.24909
48674,-0.116584,-4.73451,-4.57648
48882,0.162873,-4.88567,-4.23389
49177,-0.0883163,-4.8647,-4.82131
49373,0.309969,-4.43576,-4.54635
49462,-0.116224,-4.95736,-4.22761
49792,0.281141,-4.96021,-3.92785
49972,-1.00124,-4.43974,-4.08104
50052,-0.214549,-4.489,-3.97801
50212,0.413995,-4.54482,-3.97969
50504,-0.388713,-4.82987,-4.0153
50744,0.0726485,-4.63176,-4.6949
50849,0.828123,-4.77492,-4.86117
51055,0.534805,-4.5144,-4.04531
51289,-0.942515,-4.31466,-4.59781
51436,-0.166388,-4.01646,-4.36143
51643,0.377957,-4.12086,-4.55061
51961,-1.11404,-4.55607,-4.59575
52131,-0.649175,-4.11485,-4.12196
52387,0.456981,-3.69619,-4.6144
52572,1.71593,-4.09561,-4.62165
52756,0.493942,-4.83223,-4.77879
52874,-0.110369,-3.78044,-4.7635
53132,-0.626645,-4.32133,-3.78559
53269,-0.657182,-4.30749,-3.61157
53497,-1.18433,-4.68339,-4.91766
53635,-0.883453,-4.43885,-4.65399
53978,-1.17184,-3.76326,-4.89814
54100,-1.29512,-4.72135,-4.47011
54392,-0.496074,-4.45646,-4.98245
54581,-1.17548,-4.5334,-4.26901
54764,-1.38585,-4.67334,-4.50043
54900,0.0334996,-4.79166,-4.47573
55080,-0.0357647,-4.26351,-4.45415
55318,0.821477,-4.84419,-4.96534
55571,-0.91644,-4.97113,-4.91937
55659,-1.97659,-4.8664,-4.93022
55937,-0.437309,-3.61595,-4.19124
56190,-0.139654,-3.97243,-4.21356
56211,-0.141389,-4.65867,-3.66016
56453,-0.155542,-4.45496,-4.80675
56753,-0.0197341,-4.45722,-4.10477
56922,-1.14869,-4.59201,-4.29081
57103,0.256452,-4.52365,-4.68551
57339,-0.642981,-4.89781,-4.75609
57481,-1.02054,-3.63069,-4.87036
57650,-1.14968,-4.5387,-4.9858
57823,-0.144373,-4.19948,-4.59715
58058,0.402585,-4.26606,-4.69981
58240,-0.19312,-4.11749,-4.47079
58474,0.212413,-4.89902,-4.95859
58755,-1.04799,-4.09469,-4.83108
58810,-1.16149,-4.46746,-4.3151
59068,0.162904,-4.34582,-4.56955
59213,-0.0731119,-4.6913,-3.63554
59443,-0.136592,-4.68403,-4.8334
59797,-0.166636,-4.10287,-4.91678
59816,-0.587649,-3.94159,-4.1304
60100,-0.566252,-4.77554,-4.79042
60313,-2.30723,-4.73899,-4.35479
60508,-1.27154,-4.89731,-4.35439
60728,-0.794518,-3.63935,-4.83587
60982,-1.40783,-4.3448,-4.79853
61177,-0.222127,-4.91357,-3.77435
61241,-2.02715,-4.1261,-4.24427
61507,-0.655863,-4.68062,-3.85682
61638,-0.243114,-4.96219,-4.50145
61846,1.08119,-4.89216,-4.4706
62093,-0.422994,-4.53691,-4.44879
62221,0.139587,-3.90983,-4.84922
62428,-0.70622,-4.8361,-4.96169
62609,-0.350206,-4.79184,-4.80847
62933,-0.290123,-4.08693,-4.77114
63188,-0.581046,-4.23826,-4.89208
63208,-1.80213,-4.48127,-4.89088
63591,-0.599159,-4.75806,-4.67373
63778,-1.5624,-4.96775,-4.93806
64000,-0.620839,-3.75595,-4.87552
64070,-0.441389,-3.86935,-4.8831
64229,-0.25853,-3.71034,-4.86168
64415,-0.0893467,-4.92736,-4.29773
64678,0.581671,-3.9873,-4.85847
64909,-0.0737048,-4.88729,-4.01352
65158,-0.369368,-3.92166,-4.91768
65368,-0.370098,-3.90442,-4.57178
65552,-0.671018,-4.01679,-4.80139
65601,-0.56505,-4.90474,-4.0081
65905,-0.48417,-3.96402,-4.31
66028,-0.390401,-4.54992,-3.81427
66275,-0.344754,-4.65021,-4.74217
66522,0.175346,-3.97176,-4.85291
66772,0.368261,-4.03859,-4.96688
66913,0.0380678,-4.82593,-4.79988
67106,-0.403744,-4.65106,-4.83568
67283,-1.26498,-4.61707,-3.15495
67493,-0.232385,-4.6349,-3.70407
67676,-1.24771,-4.15258,-4.75047
67852,-0.254897,-4.98502,-4.99187
68099,-0.994212,-3.97572,-4.26277
68389,-1.39549,-3.68825,-4.5831
68494,0.403434,-4.76768,-4.49428
68620,-1.07441,-4.52336,-4.14898
68887,-0.570967,-4.6794,-3.93582
69197,0.984579,-4.93222,-4.0182
69289,-0.491889,-4.97092,-4.43733
69535,-0.260372,-4.99657,-4.73597
69772,-1.17431,-4.91572,-4.71609
69816,-0.629646,-4.30093,-4.69197
70028,0.234762,-4.58438,-3.53701
70331,-0.569064,-4.32174,-4.66778
70526,-0.0857088,-4.43244,-4.10292
70722,-0.672573,-4.43437,-4.58095
70982,-0.546179,-4.04421,-4.601
71187,-0.0479466,-4.38155,-4.65297
71277,-0.27295,-4.71548,-4.74589
71422,-0.699483,-4.39044,-4.27301
71708,0.787099,-4.27588,-4.80061
71995,0.372315,-4.86767,-4.26233
72158,1.17171,-4.95354,-4.88494
72204,0.1217,-4.41975,-4.5629
72543,0.134978,-3.63353,-4.41662
72727,0.0647866,-3.59932,-4.67924
72828,-0.479123,-4.28003,-4.67364
73122,-0.058352,-4.19307,-4.81494
73261,0.741411,-4.13068,-4.65576
73562,0.18223,-4.88791,-4.8929
73738,0.303726,-4.89129,-4.75497
73994,-1.19633,-4.51305,-3.99692
74121,-0.312565,-3.94092,-4.16033
74267,0.0288593,-4.40921,-4.72059
74477,-1.04812,-3.57865,-4.57904
74745,-2.20288,-3.96753,-4.46475
74907,-1.24453,-3.70703,-4.09197
75107,-1.04995,-4.86248,-4.97679
75319,-1.31167,-4.52723,-4.23527
75495,-1.28476,-4.073,-4.69981
75636,0.274984,-4.3372,-4.35154
75963,0.107582,-4.73467,-3.79958
76127,-0.218565,-4.94015,-4.79646
76228,-1.06113,-4.71803,-4.31885
76468,-0.537628,-3.96574,-4.90085
76619,-0.99835,-3.93888,-4.7957
76973,-0.0990074,-4.43393,-4.76976
77122,-1.08085,-3.93682,-4.96837
77222,-1.17188,-4.21643,-4.84151
77572,-0.525151,-4.55227,-4.98285
77613,-0.843585,-4.67791,-3.95912
77921,-0.330546,-4.1325,-3.65645
78162,-1.33212,-4.37142,-4.72687
78237,0.140143,-3.78289,-4.3443
78409,-0.636454,-3.3427,-4.76515
78606,-0.480509,-3.83503,-4.80284
78959,-0.237904,-4.13235,-4.76436
79005,-0.220325,-3.48886,-4.33802
79276,-0.0724674,-3.78868,-4.40527
79531,-0.795316,-4.21704,-4.183
79705,0.042795,-4.69587,-4.16349
79918,-0.852351,-4.71464,-4.32933
80070,-0.794905,-4.90342,-4.616
80387,0.213298,-4.305,-4.29207
80562,0.76398,-4.81833,-3.64292
80754,-0.2068,-4.55986,-3.84131
80843,-0.116636,-4.0224,-4.5922
81072,-0.715218,-4.84843,-4.6387
81286,-0.46058,-4.37388,-4.80927
81427,-1.15304,-4.12472,-4.21939
81632,-0.719485,-3.97973,-4.66006
81871,-0.146883,-3.72409,-4.30791
82143,-0.442253,-4.25012,-4.74135
82381,-0.393692,-3.64961,-4.83003
82507,-0.379528,-4.41116,-4.70629
82679,-0.582647,-3.61109,-4.67069
82929,-0.354758,-3.90387,-4.49036
83098,-0.148555,-3.48738,-4.25717
83238,0.815063,-4.18181,-4.03889
83589,-0.883432,-4.74828,-4.14343
83769,0.630006,-4.99358,-4.90916
83833,0.888833,-4.89529,-4.31321
84163,-0.351277,-4.48669,-4.08587
84231,-0.380678,-4.64702,-4.00045
84572,-0.539212,-3.82474,-4.53702
84656,-1.12121,-4.43816,-4.33685
84853,-0.583816,-4.13235,-4.43726
85033,-0.611817,-4.61483,-4.97799
85334,-1.78708,-4.26428,-4.11476
85573,0.181526,-4.94556,-4.1989
85796,0.914542,-4.13315,-4.81441
85832,-0.434608,-3.94991,-4.90698
86001,-0.108898,-3.98475,-4.4594
86374,-0.117461,-4.08284,-4.6646
86428,-1.10568,-3.90375,-4.39156
86629,-1.54203,-4.27369,-4.23245
86879,-1.14392,-3.99197,-4.8646
87067,-0.91955,-4.42625,-4.5867
87384,-0.809059,-3.56063,-4.63093
87583,-1.16884,-4.99716,-4.48295
87753,-1.26972,-4.99882,-4.72367
87975,-0.339168,-4.17398,-4.86662
88012,-0.715748,-4.26298,-4.90994
88346,-1.32179,-4.10914,-3.83304
88561,-1.01758,-3.14106,-4.44752
88668,-1.99948,-3.37798,-4.83293
88852,-0.723088,-3.26682,-4.65693
89106,-0.307408,-3.95534,-4.97239
89277,-0.612909,-3.90219,-3.93254
89439,0.205654,-4.92117,-4.21138
89633,-0.698383,-4.43766,-4.46095
89871,-0.234385,-3.99281,-4.70661
90170,-0.0923187,-4.86011,-4.58267
90382,0.140252,-4.84382,-4.58074
90532,0.0725265,-4.11271,-3.87038
90747,0.990834,-4.61192,-4.85994
90821,1.05049,-4.85963,-4.75255
91092,0.153456,-3.91383,-4.97019
91251,0.735959,-4.93772,-4.68186
91544,-0.297563,-3.75443,-4.82674
91660,-1.1994,-4.52094,-4.36242
91962,-0.417921,-4.04319,-4.71391
92001,0.968189,-4.87371,-4.59071
92226,-0.0213139,-4.32775,-4.03238
92540,-0.313313,-4.54568,-4.67011
92660,0.705086,-4.66729,-4.39323
92890,-0.55784,-4.75,-4.83534
93058,-0.474347,-4.86557,-4.64663
93203,0.768768,-4.50612,-4.82112
93406,-0.983615,-4.37502,-4.60052
93655,-0.18736,-4.57245,-4.92153
94000,0.0186837,-4.87127,-4.40444
94132,0.381522,-4.04171,-3.91194
94251,0.607395,-4.65912,-4.49229
94470,1.0943,-4.86247,-4.9027
94793,-0.139099,-3.80249,-4.87168
94960,0.0984964,-4.89264,-4.85391
95098,-0.795226,-4.71352,-4.20313
95399,-0.036838,-4.47642,-4.52558
95411,-0.358667,-4.86622,-4.58372
95703,-0.00319837,-4.95448,-4.05587
95909,0.49605,-4.25896,-4.53188
96018,1.06919,-4.87648,-4.52488
96208,0.526837,-3.46983,-4.38757
96516,0.203944,-4.93103,-4.27746
96626,-0.384895,-3.90345,-4.4557
96975,0.394855,-3.7361,-4.76368
97027,-0.182269,-4.23888,-4.66944
97359,0.141759,-3.98645,-4.64074
97404,-1.04716,-4.16079,-4.89285
97727,-0.597813,-4.88786,-3.99962
97812,1.08704,-3.89328,-3.4354
98073,-0.45008,-4.49012,-3.90553
98247,0.967388,-4.28997,-4.91431
98498,0.211948,-4.82027,-4.27775
98608,0.223885,-3.98536,-4.69979
98984,-0.487934,-4.41869,-4.59147
99031,0.307443,-4.89478,-3.96957
99239,0.392428,-4.69869,-4.76682
99484,-0.136396,-4.99119,-4.75783
99663,-0.675297,-4.79841,-4.15365
99887,-0.0944646,-4.09555,-3.90379
100179,0.0118145,-3.93967,-4.75366
100323,0.723322,-3.54696,-4.5944
100517,-0.632583,-4.40091,-4.6564
100771,0.0979809,-4.92643,-4.30646
100841,-0.338514,-4.1135,-4.68452
101015,0.362888,-4.51186,-3.68626
101382,-0.854803,-3.90121,-4.57347
101550,-0.175934,-4.28378,-3.41235
101621,-0.942315,-4.45081,-4.02484
101894,-0.0412461,-4.33285,-4.24285
102175,-0.510438,-4.33355,-3.91867
102360,0.742813,-4.55545,-4.8885
102594,0.299501,-4.83217,-4.09745
102615,-0.527044,-3.9192,-4.75733
102801,-0.661122,-4.93071,-4.85439
103064,-0.856297,-4.51697,-4.6235
103252,-0.938454,-4.88328,-4.885
103495,-1.21343,-4.25873,-4.92639
103775,0.235356,-4.22635,-4.17456
103971,0.0913899,-3.66815,-4.61113
104158,-0.320421,-3.74398,-4.32979
104299,-0.762517,-4.39386,-4.75709
104571,-0.919132,-4.65485,-4.78566
104607,-0.0241585,-3.70476,-4.50397
104947,0.296625,-4.24207,-4.41972
105084,0.648245,-4.73419,-4.26707
105363,-0.655678,-4.20132,-4.51458
105564,0.0477477,-4.05028,-4.3085
105617,-1.41635,-3.95645,-4.83749
105909,-1.28832,-4.93966,-4.51166
106041,-1.00056,-4.57148,-4.48823
106334,-0.787066,-3.83573,-4.83572
106441,-0.20671,-4.25196,-3.5294
106647,-0.633934,-4.10839,-3.88674
106925,-0.580766,-4.03371,-3.96089
107101,-0.751188,-3.95719,-4.7502
107242,-0.756507,-3.59283,-4.71679
107412,0.494331,-4.93003,-4.75719
107737,-0.26041,-4.80773,-3.9955
107998,-0.39589,-4.79602,-4.57656
108003,-1.27408,-4.68967,-4.99364
108381,-0.674694,-4.94624,-3.42231
108469,-0.309799,-4.42687,-4.04944
108655,0.317274,-4.9408,-4.2944
108963,-0.277564,-4.71805,-4.55192
109127,-0.748504,-3.98828,-4.43588
109323,-0.192939,-4.5854,-3.69716
109442,-0.600452,-4.23289,-4.38339
109736,-0.697058,-4.33096,-4.39401
109922,-1.31832,-3.56161,-4.88994
110173,-0.665177,-3.71791,-4.52395
110227,-0.580457,-4.19606,-4.40845
110418,-0.346564,-4.63132,-4.04841
110718,-0.635422,-4.28348,-4.35429
110867,-0.842916,-4.81385,-4.76779
111121,-1.17016,-4.54277,-4.7941
111337,-0.220416,-4.44342,-4.8259
111479,-0.175965,-4.81625,-4.93165
111727,-0.614959,-4.42917,-4.15679
111879,-0.0421384,-4.04293,-4.61681
112132,0.0929837,-4.8229,-4.78815
112230,0.850998,-4.71848,-3.88277
112539,0.540614,-4.16494,-4.81223
112646,-0.0228485,-4.25993,-4.37437
112825,0.455065,-4.2761,-4.7896
113021,0.0763056,-4.36921,-3.88569
113257,0.843514,-4.54527,-3.76636
113521,-0.0784863,-3.45493,-4.65762
113686,-0.213203,-4.56226,-4.97301
113827,-0.078858,-4.61692,-4.71501
114153,-0.248294,-4.93838,-4.45277
114352,-0.635193,-4.53722,-4.72132
114450,-0.17653,-4.66511,-4.67589
114677,-0.322034,-4.59727,-4.73145
114832,-0.878046,-3.16655,-4.81603
115102,-1.15749,-4.0228,-4.58866
115218,-0.691721,-4.06934,-4.75238
115409,0.807548,-4.76476,-4.63965
115729,-0.502948,-4.09169,-4.55513
115913,-0.710377,-4.85605,-4.1296
116035,-0.630904,-3.56725,-4.29408
116295,-0.210223,-4.74151,-4.56301
116516,-0.625064,-3.90326,-4.61431
116752,-0.986537,-3.43295,-4.57407
116979,0.203195,-4.73596,-4.06175
117167,0.0202782,-4.76113,-4.78213
117237,-0.449671,-3.61361,-4.94537
117559,0.0682948,-4.16389,-4.83019
117775,-0.517815,-3.79207,-4.8519
117895,-0.102802,-4.92354,-4.76772
118140,0.392404,-4.6513,-4.59025
118296,-0.792799,-4.00032,-4.58949
118571,-0.17361,-4.86783,-4.83284
118665,0.148321,-4.29599,-4.19536
118868,0.284565,-4.37495,-4.29708
119148,-0.849105,-3.816,-4.6737
119394,-0.443145,-4.14516,-4.79579
119471,0.440636,-4.71565,-4.23285
119670,-1.22426,-4.99288,-4.90192
119978,-0.927217,-4.39307,-3.67892
120181,0.248029,-4.32136,-4.72618
120207,0.0240383,-4.32144,-4.02775
120515,-0.461223,-4.31527,-4.05589
120714,-0.262992,-4.89863,-4.41404
120849,0.0249086,-4.57169,-3.16498
121164,0.488623,-4.90434,-4.00047
121335,-1.42069,-4.1802,-3.80894
121516,-2.08101,-4.83392,-4.34913
121768,-1.45739,-4.94809,-4.85133
121993,-0.204244,-4.82377,-4.11727
122177,-0.907253,-4.82627,-4.25129
122381,-0.234406,-4.26589,-4.87087
122498,-0.0322929,-4.05969,-4.38449
122708,0.554208,-4.02011,-4.18865
122834,-0.813521,-4.08279,-4.56225
123186,-1.71721,-4.63759,-4.97793
123259,-1.08987,-4.87823,-4.43984
123444,-1.19226,-4.0694,-4.82006
123780,-1.5063,-4.48564,-4.71788
123815,-0.62405,-3.77134,-4.80045
124171,-0.899538,-3.54498,-4.99127
124302,-0.866143,-4.11409,-4.73666
124407,-0.209987,-4.91093,-4.69691
124743,-1.13484,-4.0906,-4.47254
124845,-0.46149,-4.7082,-4.06337
125073,-0.685481,-4.61305,-4.03355
125235,-1.38593,-4.11659,-4.94522
125587,0.672645,-4.14446,-4.68446
125721,1.93837,-4.71217,-4.87765
125931,-0.244278,-4.95279,-3.99859
126159,-0.0137554,-4.09591,-3.7062
126306,-0.0273182,-4.16925,-4.0038
126484,-0.285534,-4.8789,-4.06658
126644,-0.513939,-4.77559,-4.7539
126999,-0.463606,-3.88536,-4.5162
127176,-1.20454,-4.5068,-4.73231
127300,-0.517421,-4.92324,-4.86394
127560,-1.16374,-4.77991,-4.45327
127764,-0.410419,-4.30147,-3.49203
127856,-0.539293,-3.83297,-4.81333
128007,-0.00590142,-4.6239,-4.74898
128229,-0.277692,-4.53965,-4.5621
128466,-0.0449216,-3.9826,-4.43431
128616,-0.84684,-4.86902,-3.96365
128959,-1.13653,-4.89981,-4.16166
129083,-0.571037,-3.78263,-4.61926
129311,-0.40542,-4.508,-4.40952
129584,0.225418,-4.83442,-4.71875
129656,-0.749553,-4.50312,-4.27214
129868,-1.02537,-4.33133,-4.62741
130147,0.48132,-4.10338,-4.64873
130305,-0.414626,-4.0266,-4.82895
130592,0.0264206,-4.57324,-4.6682
130679,0.225615,-3.97669,-4.58314
130960,-0.0957374,-4.78298,-4.92157
131186,-0.743203,-4.36615,-4.50188
131277,-1.02854,-4.23743,-3.91308
131413,-0.89416,-4.26869,-3.44167
131609,-0.819023,-4.17782,-4.20113
131878,-0.170837,-4.22336,-4.36763
132111,-1.56275,-4.9294,-4.3487
132396,-0.171247,-3.40816,-4.78197
132515,-0.704775,-4.42012,-4.21611
132716,0.374355,-4.4464,-4.87838
132820,-0.311077,-4.68477,-4.21916
133186,-0.71815,-4.131,-4.48049
133317,-0.295622,-4.46781,-4.71048
133517,1.09364,-4.56906,-4.55587
133639,0.361875,-4.65636,-4.83206
133932,1.03229,-4.26974,-4.41499
134117,-0.431242,-3.79806,-4.6169
134262,-0.775193,-4.58274,-4.3695
134544,0.137016,-4.4086,-4.09003
134676,0.181718,-4.77888,-4.62555
134884,0.88465,-4.24368,-4.53066
135070,0.144462,-4.42756,-4.86753
135335,-1.44237,-4.62689,-4.74508
135425,-1.44758,-4.21696,-4.77336
135693,-1.0205,-4.90343,-4.55351
135958,-0.810102,-4.51952,-4.45833
136135,-1.67164,-4.66112,-4.48911
136334,-1.27153,-4.27834,-4.81762
136492,0.303417,-3.70424,-4.70651
136733,0.527943,-4.82625,-4.92203
136940,-0.917146,-4.317,-4.72161
137174,-1.51381,-4.28262,-4.40527
137384,-0.483484,-4.27397,-4.46804
137468,-0.431174,-4.85854,-4.56994
137683,-0.0843863,-4.45265,-4.41415
137925,-0.737707,-4.54932,-4.87596
138126,-0.281174,-3.9287,-4.14573
138358,-0.840848,-3.64842,-4.50987
138570,-0.663447,-3.83912,-4.82084
138641,-1.32031,-4.45025,-4.58772
138996,-1.98638,-4.99999,-3.73575
139018,-0.919422,-4.9515,-4.94596
139323,-0.649915,-4.85761,-4.66127
139533,-0.827359,-4.95891,-3.86232
139708,0.0095189,-4.53496,-4.98252
139964,0.161963,-4.99628,-4.16025
140070,-0.0862126,-3.90723,-4.33139
140341,-0.767314,-3.87428,-4.44266
140489,-0.178754,-3.93706,-4.98813
140754,-0.389239,-3.96764,-4.32764
140856,0.0855519,-4.32963,-4.57785
141151,-0.244706,-4.08481,-4.96696
141311,-0.325559,-4.5058,-4.59287
141496,-0.590254,-4.28522,-4.17197
141776,-0.413459,-4.86542,-4.42086
141923,-0.147308,-4.30239,-3.8115
142055,0.191586,-4.59805,-4.55635
142279,-0.447826,-3.72854,-4.93186
142409,-0.363818,-4.15703,-4.80505
142601,-1.11767,-3.92724,-4.69255
142988,-0.991404,-4.72759,-4.7176
143157,-0.0265777,-4.0414,-4.75294
143282,0.0308468,-4.43927,-4.83341
143499,-1.16134,-4.04686,-4.7849
143657,-0.801603,-4.37303,-4.47535
143905,-0.243753,-4.92054,-3.8927
144028,-0.937086,-3.68374,-4.97529
144342,0.279083,-4.08814,-4.43221
144475,-0.145019,-4.873,-4.10729
144712,0.13401,-3.93958,-4.89235
144923,-0.073301,-4.88535,-4.13635
145140,-0.545652,-4.24725,-4.94961
145219,-0.434843,-3.17085,-4.26178
145433,-0.330036,-4.76682,-3.78554
145735,-0.425611,-4.9356,-4.08051
145983,-0.712703,-3.59647,-4.51034
146200,-0.790069,-4.37642,-4.07701
146232,-0.876441,-4.16788,-3.72312
146410,-1.03566,-4.6299,-4.81852
146721,-0.0975579,-3.70949,-4.38522
146898,-1.06197,-4.2583,-4.94653
147071,-0.804768,-4.79388,-4.09194
147373,-1.21476,-3.88411,-3.98912
147521,-1.12253,-4.45015,-4.74657
147620,-0.347272,-4.76283,-4.93001
147934,-0.282423,-4.00522,-4.44129
148169,-0.517977,-4.04798,-4.54367
148317,-1.05718,-4.8317,-4.43783
148426,-0.295139,-4.96581,-4.88566
148701,0.212533,-4.29745,-4.79046
148957,-0.171924,-4.53495,-4.8345
149093,-0.131825,-4.06088,-4.75238
149399,0.113203,-3.36861,-4.82019
149585,0.0686029,-3.94773,-4.8776
149610,-1.34716,-4.80964,-4.21372
149879,-0.918235,-4.1731,-3.64764
150062,-0.018883,-3.38535,-4.52018
150378,-0.459023,-3.48981,-4.31554
150413,-0.612162,-3.83194,-4.25864
150724,0.094642,-3.94597,-4.26034
150966,-0.518745,-4.86027,-4.74964
151123,0.536102,-4.60558,-4.42787
151258,0.460224,-4.19386,-4.5594
151462,1.01064,-4.30553,-4.76569
151681,0.509313,-4.6682,-4.90425
151893,0.35609,-4.16658,-4.76137
152093,0.0522907,-4.69556,-4.71893
152381,-1.04613,-4.62967,-4.628
152590,-1.50458,-3.87002,-4.96736
152690,-0.508365,-4.95801,-4.88553
152965,-0.110341,-4.46214,-4.40198
153182,-0.299217,-4.4255,-4.55475
153375,-0.243838,-4.28514,-4.4044
153474,-0.147312,-4.99083,-3.87425
153610,-0.076312,-4.21739,-4.85961
153806,-0.604511,-4.54531,-4.59291
154023,0.706397,-4.32155,-4.88391
154384,-0.21515,-4.29459,-4.4361
154435,-1.28906,-4.91885,-4.80637
154787,-1.25772,-3.95756,-4.55594
154826,-0.628347,-4.15311,-4.43227
155011,-0.935537,-4.54076,-4.09588
155360,0.377537,-4.26976,-4.07328
155534,0.319391,-4.74169,-3.6704
155720,0.407904,-4.83391,-4.79261
155830,-0.13502,-4.8254,-4.20768
156062,-0.0125538,-4.72536,-4.14427
156272,-0.0196258,-4.72858,-3.91179
156599,-0.96967,-4.2495,-3.77701
156783,-0.90482,-3.78676,-4.85878
156863,-0.833668,-4.86336,-4.55963
157130,-0.0688525,-4.5195,-4.51209
157226,-1.01155,-4.45022,-4.69567
157568,-1.01432,-4.05279,-4.20325
157614,-0.611707,-4.27058,-4.67143
157939,-0.218332,-4.84764,-4.93644
158136,-0.0937229,-4.61781,-4.66229
158305,0.347448,-4.60949,-4.99726
158531,-0.118339,-3.3099,-4.68474
158631,-0.287667,-4.786,-4.89461
158987,-1.3249,-4.98969,-4.81945
159187,-0.00384613,-4.66492,-4.15756
159357,-0.163283,-4.60461,-4.27519
159473,-0.928475,-4.04499,-4.58614
159632,-1.17625,-3.99611,-4.89581
159973,-0.885626,-3.13884,-4.94553
160141,-0.364486,-3.93713,-4.17142
160320,-0.76757,-4.71193,-4.98345
160499,-1.4639,-4.40551,-3.89615
160716,-0.959696,-4.6566,-4.72802
160970,0.599467,-4.02585,-4.89059
161139,-0.628639,-4.25746,-4.38944
161323,-1.6077,-4.64799,-4.58983
161493,-0.833507,-4.9163,-4.49511
161693,0.387743,-4.27108,-4.65467
161817,-0.683013,-3.89624,-4.92062
162180,-0.84576,-4.92533,-4.99212
162245,-0.739799,-4.41884,-3.93779
162449,-0.75653,-4.14324,-4.02548
162683,0.16831,-4.17344,-4.64141
162811,-0.0941999,-4.16117,-4.08481
163144,-0.744801,-3.77563,-4.81621
163241,-1.13542,-4.00107,-4.24347
163531,0.853715,-3.70871,-3.91263
163662,-0.062599,-4.80271,-4.84493
163862,-0.442332,-4.89652,-4.09479
164077,-0.142053,-4.83127,-4.77806
164347,-0.245577,-4.63417,-4.86662
164460,-1.47454,-4.65059,-4.20007
164780,-1.03452,-4.9691,-3.67918
164937,-0.650467,-4.37677,-4.77173
165126,-1.15032,-4.75594,-4.89783
165240,-1.0404,-3.941,-4.86939
165484,0.395793,-4.86383,-3.65096
165769,-0.453606,-4.86949,-4.5585
165900,0.965487,-3.89544,-4.36251
166032,0.828485,-4.24191,-4.14232
166341,-0.14202,-4.20475,-4.36459
166421,-0.300311,-4.10811,-4.80329
166770,-0.856844,-3.89974,-4.83796
166974,-0.982535,-4.61044,-4.7011
167097,-0.650143,-4.42517,-3.94002
167353,-0.440552,-4.03603,-4.91608
167454,-1.04834,-3.55185,-4.44704
167793,-0.897001,-4.75105,-4.89316
167931,-1.21658,-3.937,-4.45947
168173,0.313786,-4.2396,-3.88849
168229,-0.344617,-4.48568,-4.3372
168452,-0.4977,-4.76688,-4.16226
168704,-0.163122,-4.43275,-4.19651
168934,-1.18715,-4.34625,-4.75382
169049,-2.13824,-4.79181,-4.66935
169233,-1.02449,-4.47662,-4.70714
169521,0.0897196,-4.68042,-4.56525
169680,-0.199246,-4.76429,-4.54278
169985,-1.188,-4.0406,-4.85113
170134,-0.443367,-4.93156,-4.07866
170316,0.131326,-4.8261,-4.1423
170448,0.271396,-4.30843,-4.60373
170722,-0.558995,-4.6652,-4.28704
170983,-1.01676,-4.17137,-4.65095
171094,-0.720078,-4.21453,-4.48098
171204,-0.285344,-4.47244,-4.42058
171541,-1.01196,-4.89901,-4.49007
171684,-0.496604,-4.58482,-4.79999
171804,-0.387129,-4.156,-4.77232
172001,0.20748,-4.88364,-4.84154
172306,-0.0795009,-4.64208,-3.97897
172458,-1.02211,-4.34373,-3.9566
172672,-0.885977,-4.22538,-4.58907
172967,-0.0499349,-4.74114,-4.00159
173153,0.354103,-4.35116,-4.6953
173351,-0.387193,-3.44263,-4.39664
173436,-1.76827,-3.98462,-4.31945
173726,-1.26491,-3.74198,-4.2686
173919,-0.466181,-4.75933,-4.36893
174097,-0.527591,-4.91563,-3.1881
174320,-0.833381,-4.50442,-4.67215
174460,-0.361467,-4.29957,-4.93638
174782,0.197264,-4.97131,-3.87792
174908,-0.150842,-4.77646,-4.21221
175181,-0.821372,-4.45825,-4.9935
175263,-0.738263,-4.26186,-4.50835
175438,0.863535,-3.3855,-4.79934
175777,0.986602,-4.23718,-4.38063
175870,0.390434,-3.88188,-4.67275
176162,0.577377,-3.2966,-4.91183
176203,1.44339,-3.96805,-4.16812
176571,0.195053,-4.56125,-3.68348
176616,-0.987773,-4.83366,-4.50145
176942,-0.743566,-3.89646,-4.05865
177148,-0.464096,-3.78567,-4.79871
177201,-0.572507,-3.75779,-4.88351
177565,-0.218631,-4.26829,-4.7661
177649,0.0588132,-4.67266,-4.89304
177945,0.821067,-4.27758,-4.62333
178045,-0.755086,-4.37559,-4.98176
178338,0.0246726,-4.70962,-4.86059
178575,0.569225,-4.60796,-3.62507
178632,-0.185306,-4.73756,-4.89098
178953,-0.944564,-4.65539,-4.264
179017,-1.6767,-4.87425,-4.67402
179248,-1.17782,-4.64775,-4.22324
179555,0.179033,-4.71169,-4.48927
179793,-0.576108,-4.72163,-3.69691
179857,0.41218,-4.76047,-4.12907
180060,0.825192,-4.86974,-4.98197
180312,-0.254768,-4.25317,-4.47104
180477,-0.489391,-3.34957,-4.6331
180647,-0.362319,-3.70974,-3.86051
180923,-0.620123,-3.95464,-4.42326
181109,-0.359416,-4.56703,-4.65552
181342,-1.1519,-4.98686,-4.92983
181532,-0.804858,-4.10387,-4.46654
181789,-0.841164,-4.0334,-4.33
181956,-0.724886,-4.77267,-4.68038
182160,-0.194292,-4.02525,-4.66665
182222,0.738553,-4.66735,-4.55745
182574,-0.214219,-4.58645,-4.71162
182737,-0.801112,-3.60255,-4.92467
182909,-1.12555,-4.85189,-3.49549
183049,-0.325767,-4.94818,-3.2539
183363,-0.150921,-4.75992,-4.78378
183553,-0.346123,-4.54147,-4.87299
183651,-0.654028,-4.98608,-4.35179
183841,-0.754976,-4.49575,-4.06802
184113,-1.04812,-4.84442,-4.62775
184229,-0.80339,-4.19474,-4.44693
184553,-1.08848,-4.52885,-4.6894
184740,-1.30568,-4.80845,-4.47308
184906,-0.038307,-4.60523,-4.83602
185139,-0.540014,-4.27006,-4.69818
185221,-0.921141,-4.23633,-4.9039
185567,0.0697167,-4.09339,-4.64755
185689,0.544409,-4.72006,-4.48584
185889,-0.11233,-4.09942,-4.71151
186133,0.50257,-4.32969,-4.46844
186292,0.166353,-4.64947,-4.67179
186595,-0.384634,-4.63075,-3.84432
186698,-0.462999,-4.12389,-4.23241
186976,-0.0587132,-4.74721,-4.75323
187070,-0.107756,-4.46798,-4.92592
187220,-0.898149,-4.32484,-4.37957
187470,-0.0591784,-4.5473,-4.75819
187726,-0.210271,-4.14495,-4.42405
187878,0.1671,-3.46542,-4.17189
188032,-0.217606,-4.43117,-4.90067
188293,-0.474863,-3.43811,-4.96284
188544,-1.00635,-4.19347,-4.2947
188714,-0.0651162,-4.77656,-4.49798
188898,-1.5685,-4.26882,-4.26918
189181,-1.28024,-4.2866,-4.99827
189327,-0.930568,-4.89819,-4.80924
189559,-0.902144,-4.02247,-4.06926
189706,-1.12078,-4.88771,-4.00706
189805,-0.829214,-4.4385,-3.15383
190035,-0.99922,-4.89426,-3.78729
190363,-1.34204,-4.91786,-4.0918
190562,-2.332,-4.79856,-4.75041
190731,-0.985694,-4.3492,-4.72648
190964,-0.812615,-3.43602,-4.57062
191045,0.0601904,-4.06267,-3.84607
191208,-0.33678,-4.66464,-3.85513
191479,-0.879054,-4.42844,-4.20965
191735,-0.901008,-4.11352,-4.84538
191896,-1.35619,-4.9801,-4.52922
192123,-1.85602,-4.79343,-3.8007
192203,-0.780483,-4.25476,-4.70225
192482,-0.79011,-4.49432,-4.85612
192708,-0.691913,-4.75031,-4.37384
192978,-0.017444,-4.88251,-4.77615
193060,0.315086,-4.95399,-3.90935
193292,-0.29041,-3.94325,-4.89325
193451,-0.54322,-4.73979,-4.64909
193795,-0.459988,-4.61772,-4.33702
193898,-0.0992264,-4.9529,-4.9873
194140,-0.668282,-4.41516,-4.8551
194228,-0.326283,-3.67659,-4.95376
194508,-0.920412,-4.21239,-4.74407
194684,-0.127832,-4.80437,-4.20011
194947,-0.0428047,-4.67324,-4.50794
195172,0.717561,-4.58447,-4.80942
195211,0.161618,-3.43431,-4.92844
195460,-1.06443,-4.84358,-4.1342
195706,0.203515,-4.37707,-4.82066
195977,-0.872788,-3.82721,-4.76157
196165,-1.90871,-4.29794,-4.36344
196330,-1.28202,-3.99487,-4.83382
196458,-0.461139,-4.85945,-3.89574
196719,0.150234,-3.98398,-4.91837
196916,-0.0245992,-3.80824,-4.64308
197024,-0.516512,-4.68814,-4.43698
197249,-1.03402,-4.17799,-4.60069
197600,-0.0487685,-3.873,-4.60474
197644,-0.974272,-4.31232,-4.34455
197890,-0.134921,-4.02215,-4.79542
198001,-0.253915,-4.7056,-4.36089
198258,-0.013054,-3.87106,-4.51433
198485,-0.950322,-4.72679,-4.90359
198718,-0.494919,-3.75663,-4.75729
198924,-1.16388,-4.53852,-4.48623
199006,-0.236918,-4.54968,-4.98006
199223,-0.0538494,-4.27769,-3.72199
199520,0.227328,-4.40897,-4.54097
199767,-0.0800099,-4.92527,-4.17136
199999,-1.6438,-4.75435,-4.52289
